1357.000000 1905.000000
2650.000000 802.000000
1774.000000 107.000000
1307.000000 964.000000
3806.000000 746.000000
2687.000000 1353.000000
43.000000 1957.000000
3092.000000 1668.000000
185.000000 1542.000000
834.000000 629.000000
40.000000 462.000000
1183.000000 1391.000000
2048.000000 1628.000000
1097.000000 643.000000
1838.000000 1732.000000
234.000000 1118.000000
3314.000000 1881.000000
737.000000 1285.000000
779.000000 777.000000
2312.000000 1949.000000
2576.000000 189.000000
3078.000000 1541.000000
2781.000000 478.000000
705.000000 1812.000000
3409.000000 1917.000000
323.000000 1714.000000
1660.000000 1556.000000
3729.000000 1188.000000
693.000000 1383.000000
2361.000000 640.000000
2433.000000 1538.000000
554.000000 1825.000000
913.000000 317.000000
3586.000000 1909.000000
2636.000000 727.000000
1000.000000 457.000000
482.000000 1337.000000
3704.000000 1082.000000
3635.000000 1174.000000
1362.000000 1526.000000
2049.000000 417.000000
2552.000000 1909.000000
3939.000000 640.000000
219.000000 898.000000
812.000000 351.000000
901.000000 1552.000000
2513.000000 1572.000000
242.000000 584.000000
826.000000 1226.000000
3278.000000 799.000000
86.000000 1065.000000
14.000000 454.000000
1327.000000 1893.000000
2773.000000 1286.000000
2469.000000 1838.000000
3835.000000 963.000000
1031.000000 428.000000
3853.000000 1712.000000
1868.000000 197.000000
1544.000000 863.000000
457.000000 1607.000000
3174.000000 1064.000000
192.000000 1004.000000
2318.000000 1925.000000
2232.000000 1374.000000
396.000000 828.000000
2365.000000 1649.000000
2499.000000 658.000000
1410.000000 307.000000
2990.000000 214.000000
3646.000000 1018.000000
3394.000000 1028.000000
1779.000000 90.000000
1058.000000 372.000000
2933.000000 1459.000000
3099.000000 173.000000
2178.000000 978.000000
138.000000 1610.000000
2082.000000 1753.000000
2302.000000 1127.000000
805.000000 272.000000
22.000000 1617.000000
3213.000000 1085.000000
99.000000 536.000000
1533.000000 1780.000000
3564.000000 676.000000
29.000000 6.000000
3808.000000 1375.000000
2221.000000 291.000000
3499.000000 1885.000000
3124.000000 408.000000
781.000000 671.000000
1027.000000 1041.000000
3249.000000 378.000000
3297.000000 491.000000
213.000000 220.000000
721.000000 186.000000
3736.000000 1542.000000
868.000000 731.000000
960.000000 303.000000
1380.000000 939.000000
2848.000000 96.000000
3510.000000 1671.000000
457.000000 334.000000
3888.000000 666.000000
984.000000 965.000000
2721.000000 1482.000000
1286.000000 525.000000
2716.000000 1432.000000
738.000000 1325.000000
1251.000000 1832.000000
2728.000000 1698.000000
3815.000000 169.000000
3683.000000 1533.000000
1247.000000 1945.000000
123.000000 862.000000
1234.000000 1946.000000
252.000000 1240.000000
611.000000 673.000000
2576.000000 1676.000000
928.000000 1700.000000
53.000000 857.000000
1807.000000 1711.000000
274.000000 1420.000000
2574.000000 946.000000
178.000000 24.000000
2678.000000 1825.000000
1795.000000 962.000000
3384.000000 1498.000000
3520.000000 1079.000000
1256.000000 61.000000
1424.000000 1728.000000
3913.000000 192.000000
3085.000000 1528.000000
2573.000000 1969.000000
463.000000 1670.000000
3875.000000 598.000000
298.000000 1513.000000
3479.000000 821.000000
2542.000000 236.000000
3955.000000 1743.000000
1323.000000 280.000000
3447.000000 1830.000000
2936.000000 337.000000
1621.000000 1830.000000
3373.000000 1646.000000
1393.000000 1368.000000
3874.000000 1318.000000
938.000000 955.000000
3022.000000 474.000000
2482.000000 1183.000000
3854.000000 923.000000
376.000000 825.000000
2519.000000 135.000000
2945.000000 1622.000000
953.000000 268.000000
2628.000000 1479.000000
2097.000000 981.000000
890.000000 1846.000000
2139.000000 1806.000000
2421.000000 1007.000000
2290.000000 1810.000000
1115.000000 1052.000000
2588.000000 302.000000
327.000000 265.000000
241.000000 341.000000
1917.000000 687.000000
2991.000000 792.000000
2573.000000 599.000000
19.000000 674.000000
3911.000000 1673.000000
872.000000 1559.000000
2863.000000 558.000000
929.000000 1766.000000
839.000000 620.000000
3893.000000 102.000000
2178.000000 1619.000000
3822.000000 899.000000
378.000000 1048.000000
1178.000000 100.000000
2599.000000 901.000000
3416.000000 143.000000
2961.000000 1605.000000
611.000000 1384.000000
3113.000000 885.000000
2597.000000 1830.000000
2586.000000 1286.000000
161.000000 906.000000
1429.000000 134.000000
742.000000 1025.000000
1625.000000 1651.000000
1187.000000 706.000000
1787.000000 1009.000000
22.000000 987.000000
3640.000000 43.000000
3756.000000 882.000000
776.000000 392.000000
1724.000000 1642.000000
198.000000 1810.000000
3950.000000 1558.000000
