3140.000000 1401.000000
556.000000 1056.000000
3675.000000 1522.000000
1182.000000 1853.000000
3595.000000 111.000000
962.000000 1895.000000
2030.000000 1186.000000
3507.000000 1851.000000
2642.000000 1269.000000
3438.000000 901.000000
3858.000000 1472.000000
2937.000000 1568.000000
376.000000 1018.000000
839.000000 1355.000000
706.000000 1925.000000
749.000000 920.000000
298.000000 615.000000
694.000000 552.000000
387.000000 190.000000
2801.000000 695.000000
3133.000000 1143.000000
1517.000000 266.000000
1538.000000 224.000000
844.000000 520.000000
2639.000000 1239.000000
3123.000000 217.000000
2489.000000 1520.000000
3834.000000 1827.000000
3417.000000 1808.000000
2938.000000 543.000000
71.000000 1323.000000
3245.000000 1828.000000
731.000000 1741.000000
2312.000000 1270.000000
2426.000000 1851.000000
380.000000 478.000000
2310.000000 635.000000
2830.000000 775.000000
3829.000000 513.000000
3684.000000 445.000000
171.000000 514.000000
627.000000 1261.000000
1490.000000 1123.000000
61.000000 81.000000
422.000000 542.000000
2698.000000 1221.000000
2372.000000 127.000000
177.000000 1390.000000
3084.000000 748.000000
1213.000000 910.000000
3.000000 1817.000000
1782.000000 995.000000
3896.000000 742.000000
1829.000000 812.000000
1286.000000 550.000000
3017.000000 108.000000
2132.000000 1432.000000
2000.000000 1110.000000
3317.000000 1966.000000
1729.000000 1498.000000
2408.000000 1747.000000
3292.000000 152.000000
193.000000 1210.000000
782.000000 1462.000000
2503.000000 352.000000
1697.000000 1924.000000
3821.000000 147.000000
3370.000000 791.000000
3162.000000 367.000000
3938.000000 516.000000
2741.000000 1583.000000
2330.000000 741.000000
3918.000000 1088.000000
1794.000000 1589.000000
2929.000000 485.000000
3453.000000 1998.000000
896.000000 705.000000
399.000000 850.000000
2614.000000 195.000000
2800.000000 653.000000
2630.000000 20.000000
563.000000 1513.000000
1090.000000 1652.000000
2009.000000 1163.000000
3876.000000 1165.000000
3084.000000 774.000000
1526.000000 1612.000000
1612.000000 328.000000
1423.000000 1322.000000
3058.000000 1276.000000
3782.000000 1865.000000
347.000000 252.000000
3904.000000 1444.000000
2191.000000 1579.000000
3220.000000 1454.000000
468.000000 319.000000
3611.000000 1968.000000
3114.000000 1629.000000
3515.000000 1892.000000
3060.000000 155.000000
2995.000000 264.000000
202.000000 233.000000
981.000000 848.000000
1346.000000 408.000000
781.000000 670.000000
1009.000000 1001.000000
2927.000000 1777.000000
2982.000000 949.000000
555.000000 1121.000000
464.000000 1302.000000
3452.000000 637.000000
571.000000 1982.000000
2656.000000 128.000000
1623.000000 1723.000000
2067.000000 694.000000
1725.000000 927.000000
3600.000000 459.000000
1109.000000 1196.000000
366.000000 339.000000
778.000000 1282.000000
386.000000 1616.000000
3918.000000 1217.000000
3332.000000 1049.000000
2597.000000 349.000000
811.000000 1295.000000
241.000000 1069.000000
2658.000000 360.000000
394.000000 1944.000000
3786.000000 1862.000000
264.000000 36.000000
2050.000000 1833.000000
3538.000000 125.000000
1646.000000 1817.000000
2993.000000 624.000000
547.000000 25.000000
3373.000000 1902.000000
460.000000 267.000000
3060.000000 781.000000
1828.000000 456.000000
1021.000000 962.000000
2347.000000 388.000000
3535.000000 1112.000000
1529.000000 581.000000
1203.000000 385.000000
1787.000000 1902.000000
2740.000000 1101.000000
555.000000 1753.000000
47.000000 363.000000
3935.000000 540.000000
3062.000000 329.000000
387.000000 199.000000
2901.000000 920.000000
931.000000 512.000000
1766.000000 692.000000
401.000000 980.000000
149.000000 1629.000000
2214.000000 1977.000000
3805.000000 1619.000000
1179.000000 969.000000
1017.000000 333.000000
2834.000000 1512.000000
634.000000 294.000000
1819.000000 814.000000
1393.000000 859.000000
1768.000000 1578.000000
3023.000000 871.000000
3248.000000 1906.000000
1632.000000 1742.000000
2223.000000 990.000000
3868.000000 697.000000
1541.000000 354.000000
2374.000000 1944.000000
1962.000000 389.000000
3007.000000 1524.000000
3220.000000 1945.000000
2356.000000 1568.000000
1604.000000 706.000000
2028.000000 1736.000000
2581.000000 121.000000
2221.000000 1578.000000
2944.000000 632.000000
1082.000000 1561.000000
997.000000 942.000000
2334.000000 523.000000
1264.000000 1090.000000
1699.000000 1294.000000
235.000000 1059.000000
2592.000000 248.000000
3642.000000 699.000000
3599.000000 514.000000
1766.000000 678.000000
240.000000 619.000000
1272.000000 246.000000
3503.000000 301.000000
80.000000 1533.000000
1677.000000 1238.000000
3766.000000 154.000000
3946.000000 459.000000
1994.000000 1852.000000
278.000000 165.000000
