81.347329 182.709092
81.347329 -182.709092
88.167788 -121.352549
-117.557050 -161.803399
-41.582338 -195.629520
149.178284 -15.679269
-111.471724 -100.369591
-173.205081 -100.000000
-129.903811 -75.000000
190.211303 61.803399
148.628965 133.826121
-41.582338 195.629520
-117.557050 161.803399
0.000000 -200.000000
-111.471724 100.369591
198.904379 20.905693
0.000000 150.000000
-31.186754 146.722140
129.903811 75.000000
-148.628965 133.826121
-149.178284 15.679269
-148.628965 -133.826121
-81.347329 182.709092
-129.903811 75.000000
173.205081 -100.000000
-198.904379 -20.905693
-88.167788 -121.352549
-142.658477 46.352549
111.471724 -100.369591
142.658477 46.352549
61.010496 137.031819
31.186754 146.722140
61.010496 -137.031819
31.186754 -146.722140
88.167788 121.352549
-81.347329 -182.709092
149.178284 15.679269
0.000000 200.000000
111.471724 100.369591
-142.658477 -46.352549
142.658477 -46.352549
117.557050 161.803399
-149.178284 -15.679269
-61.010496 137.031819
41.582338 -195.629520
-173.205081 100.000000
173.205081 100.000000
148.628965 -133.826121
-190.211303 61.803399
117.557050 -161.803399
-61.010496 -137.031819
-190.211303 -61.803399
-88.167788 121.352549
-31.186754 -146.722140
-198.904379 20.905693
190.211303 -61.803399
129.903811 -75.000000
41.582338 195.629520
0.000000 -150.000000
198.904379 -20.905693
