-281.678990 -187.717923
239.639550 79.491132
-258.868593 166.669198
-81.384378 32.368323
-280.008136 11.657786
-284.547616 -60.154961
-31.548604 -55.223912
62.366656 50.713913
-95.621797 77.468533
162.493244 -84.574019
-147.023475 -166.220130
209.544977 94.267052
-58.684205 -76.988884
-74.639411 25.542881
142.765554 -118.682439
51.417675 146.417721
263.236651 -144.293091
-8.936916 13.543851
90.584569 -164.218416
-86.457580 105.836348
-278.409792 -111.914073
141.513053 2.821137
-49.447381 173.210759
-68.446198 137.178953
-82.173510 119.465553
-136.787038 79.501703
63.541591 55.140221
106.033430 69.754891
47.040512 141.206562
30.366828 -167.573232
-234.711279 -162.774591
25.098172 35.205544
116.702667 132.021991
-30.991436 186.807059
-70.183535 73.738342
-202.218443 -178.735864
-223.039999 171.558368
-104.781549 158.212048
27.706327 169.284192
171.595574 135.520994
-57.266232 -115.737582
-286.024059 -55.955204
-214.362324 -193.265190
92.639946 22.216030
-116.831788 -191.380552
-251.656688 -195.189953
-235.099412 47.810306
-177.685937 158.265884
-260.477802 -196.955535
253.534863 38.014987
-44.669924 170.088013
26.451074 -192.813352
45.123674 31.740242
38.654730 188.608557
244.228552 119.192512
283.989938 -101.866465
-247.341131 -160.277639
267.845908 127.627482
36.599805 147.885350
-41.263039 -144.118212
