102.909291 60.107868
-89.453831 162.237392
64.943433 -119.784474
121.392544 56.694081
-107.196865 -77.792599
20.218290 88.031173
202.346980 -189.069699
143.114152 -135.866707
-144.887799 -73.495410
92.255820 -93.514104
-55.091518 198.826966
228.929427 82.624982
96.781707 141.370805
154.870684 140.327660
112.833346 -38.057607
14.005617 -14.015334
138.136997 -31.348808
73.689751 110.224271
100.006932 76.579303
120.906436 131.798810
21.067444 122.164599
49.091876 150.678826
85.043830 108.946389
-194.986965 101.363745
152.102728 -193.381252
238.583388 -133.143524
151.432196 121.427337
221.028639 -139.435079
-139.741580 57.936680
-72.565291 -24.281820
155.405344 -56.437901
58.019653 49.937906
277.821597 104.262606
19.765322 -99.236400
246.621634 101.705861
289.298882 56.051342
172.836936 59.184233
132.794476 135.681392
155.341949 -20.252779
134.692592 -102.152826
-97.391662 124.120512
245.415055 44.794067
255.134924 115.594915
83.005905 64.646774
245.020791 -167.448848
-102.699992 95.632069
-4.590656 -40.067226
-191.216327 -162.689024
210.186432 -127.403563
-51.343758 -57.654823
187.669263 -122.655771
121.661135 85.267672
46.674278 -193.090008
-189.988471 -98.043874
-175.118239 77.842636
-187.485329 -177.031237
56.716498 66.959624
-18.507391 -22.905270
-167.994506 138.195365
81.740403 10.276251
-19.310012 -131.810965
157.588994 -144.200765
40.327635 19.216022
-126.569816 -30.645224
150.526118 -88.230057
76.647124 -7.289705
231.944823 82.961057
58.716620 32.835930
-288.744132 -173.349893
-293.833463 -165.440105
-31.745416 -69.207960
175.677917 98.929343
216.825920 -152.024123
21.176627 -165.421555
-100.569041 140.808607
-90.160190 -25.200829
242.810288 -182.054289
-154.225945 -135.522059
102.223372 174.201904
64.559003 82.567627
