-47.266557 -66.984045
-185.649161 90.144456
34.079032 187.731112
170.514252 161.169850
56.389778 71.618509
-56.914543 92.501249
-18.316063 27.755860
118.989764 -80.203583
271.301094 142.524086
-222.492322 169.033315
169.990437 154.260412
235.827007 -143.838844
55.434792 62.729160
221.808162 186.241012
-9.580869 -17.516639
126.799911 112.727280
100.043893 161.295125
158.552316 -19.254407
-172.378071 -88.298187
-202.828627 -101.700050
-200.771246 147.741054
-244.959501 -111.046573
34.959132 -106.842499
40.897139 78.152317
178.198360 37.031984
-120.386562 170.589454
-84.626900 148.216494
162.923138 117.465744
47.011363 -30.887180
95.947213 183.278211
59.827200 -170.713714
216.691000 156.314370
-287.058297 113.599823
-0.200936 -21.927663
172.389228 -53.133270
-248.169463 80.132237
-153.130140 187.817274
278.105364 -93.771765
217.218893 164.294928
120.375033 115.889661
-133.730932 -113.306155
-147.363185 59.608175
-171.354954 25.463068
54.766523 154.053847
8.643660 135.907430
-114.146166 190.615321
276.276517 -49.448662
239.616628 -21.944160
148.108328 123.558283
-17.356579 -125.254131
54.551865 71.567133
-184.092700 5.737284
16.573231 104.020979
129.024315 29.701695
217.599278 -189.258062
92.298040 -146.169487
88.818853 -42.834512
-42.704691 37.679514
-217.282470 -43.316616
-226.787625 2.658862
158.742184 62.618834
-46.403062 -13.755804
-181.208895 -192.622935
-152.130365 -93.844349
74.887500 80.586458
-13.030259 174.698005
-207.665172 81.410371
208.592696 136.618460
275.793495 -129.415477
106.599423 -107.433987
55.550895 -45.089968
-189.062172 104.285631
-157.423365 126.800331
-192.681053 174.522947
189.387028 -4.465225
-48.354421 9.091412
-211.429137 27.770425
-201.485143 155.274830
-155.651746 -138.151811
53.436521 125.683201
3.152113 27.103890
296.911892 25.811569
-215.113949 120.740679
205.717887 -24.976511
-134.985023 132.944989
-126.568914 106.964962
-189.135201 -139.078513
256.475967 -46.591418
-284.129027 107.252583
-240.249363 179.334919
224.599361 -34.798485
130.854855 195.695082
68.910854 -82.123346
-4.434919 33.164884
-27.911955 48.326745
135.781192 -13.053440
126.904044 -80.733297
57.555364 64.417343
141.433472 -6.023095
-268.739142 143.276483
