20.212169 156.013261
-82.864121 -104.173600
153.130159 -20.360910
-129.104485 -155.041640
101.498782 33.484198
-16.723130 -12.689542
-239.848226 8.671399
-154.088455 115.022553
139.446709 0.233238
144.832862 -43.476284
-20.971208 -5.637107
-239.414022 40.427118
-191.716829 -28.360492
28.913721 58.699880
-137.317503 -20.146939
94.789917 -67.087689
-107.988514 185.173669
-219.148505 103.685337
-98.760442 -81.770618
-119.026308 168.453598
51.008140 5.769601
42.137753 -60.319863
-240.369194 57.426131
-221.149792 -32.862538
33.379688 100.161238
