169.282032 140.000000
179.561752 -8.362277
16.632935 -78.251808
176.084521 124.721360
-32.538931 73.083637
76.084521 75.278640
32.538931 173.083637
-79.561752 108.362277
132.538931 73.083637
79.561752 8.362277
59.451586 46.469551
40.548414 53.530449
23.915479 -24.721360
83.367065 78.251808
176.084521 24.721360
116.632935 21.748192
23.915479 24.721360
-59.451586 53.530449
0.000000 180.000000
-47.022820 35.278640
-79.561752 8.362277
69.282032 40.000000
83.367065 -78.251808
16.632935 21.748192
116.632935 178.251808
-79.561752 -8.362277
76.084521 24.721360
159.451586 53.530449
79.561752 91.637723
20.438248 91.637723
-59.451586 153.530449
0.000000 80.000000
147.022820 35.278640
0.000000 -80.000000
159.451586 153.530449
-59.451586 46.469551
0.000000 20.000000
-16.632935 -78.251808
52.977180 35.278640
67.461069 -73.083637
20.438248 -8.362277
59.451586 -53.530449
169.282032 40.000000
32.538931 73.083637
59.451586 53.530449
-32.538931 -73.083637
159.451586 -53.530449
52.977180 164.721360
-32.538931 26.916363
-69.282032 -40.000000
67.461069 173.083637
83.367065 21.748192
30.717968 60.000000
169.282032 -40.000000
52.977180 64.721360
20.438248 108.362277
100.000000 180.000000
147.022820 164.721360
147.022820 -64.721360
132.538931 -73.083637
67.461069 26.916363
67.461069 73.083637
23.915479 124.721360
32.538931 -73.083637
116.632935 78.251808
79.561752 -8.362277
-47.022820 164.721360
100.000000 20.000000
20.438248 8.362277
40.548414 153.530449
147.022820 64.721360
40.548414 46.469551
-16.632935 21.748192
32.538931 26.916363
-76.084521 -24.721360
69.282032 -40.000000
23.915479 75.278640
30.717968 140.000000
169.282032 60.000000
47.022820 -64.721360
-69.282032 140.000000
-16.632935 78.251808
179.561752 91.637723
69.282032 60.000000
59.451586 153.530449
179.561752 108.362277
47.022820 35.278640
83.367065 178.251808
69.282032 140.000000
-76.084521 124.721360
-16.632935 178.251808
52.977180 -64.721360
-47.022820 64.721360
-69.282032 60.000000
16.632935 78.251808
100.000000 80.000000
-47.022820 -64.721360
176.084521 -24.721360
-76.084521 75.278640
40.548414 -53.530449
47.022820 64.721360
-79.561752 91.637723
159.451586 46.469551
30.717968 40.000000
-32.538931 173.083637
-69.282032 40.000000
16.632935 178.251808
100.000000 -80.000000
116.632935 -78.251808
-76.084521 24.721360
179.561752 8.362277
47.022820 164.721360
79.561752 108.362277
132.538931 26.916363
176.084521 75.278640
76.084521 -24.721360
76.084521 124.721360
-59.451586 -53.530449
132.538931 173.083637
30.717968 -40.000000
